0.0000 -0.0010 
-0.0004 -0.0223 
-0.0015 -0.0489 
-0.0035 -0.0788 
-0.0065 -0.1101 
-0.0104 -0.1407 
-0.0153 -0.1686 
-0.0210 -0.1917 
-0.0273 -0.2079 
-0.0340 -0.2154 
-0.0407 -0.2122 
-0.0471 -0.1968 
-0.0529 -0.1677 
-0.0575 -0.1237 
-0.0604 -0.0638 
-0.0612 0.0127 
-0.0594 0.1060 
-0.0543 0.2162 
-0.0455 0.3428 
-0.0324 0.4851 
-0.0147 0.6420 
0.0083 0.8117 
0.0367 0.9925 
0.0710 1.1819 
0.1113 1.3773 
0.1578 1.5756 
0.2106 1.7738 
0.2696 1.9683 
0.3346 2.1557 
0.4053 2.3326 
0.4814 2.4957 
0.5624 2.6421 
0.6477 2.7691 
0.7366 2.8747 
0.8285 2.9574 
0.9226 3.0164 
1.0182 3.0514 
1.1146 3.0629 
1.2109 3.0521 
1.3066 3.0205 
1.4009 2.9701 
1.4934 2.9032 
1.5836 2.8223 
1.6710 2.7300 
1.7554 2.6287 
1.8365 2.5210 
1.9141 2.4090 
1.9881 2.2946 
2.0586 2.1797 
2.1254 2.0656 
2.1887 1.9536 
2.2485 1.8446 
2.3049 1.7392 
2.3580 1.6380 
2.4081 1.5413 
2.4551 1.4493 
2.4994 1.3620 
2.5410 1.2793 
2.5800 1.2013 
2.6166 1.1277 
2.6510 1.0583 
2.6833 0.9930 
2.7136 0.9316 
2.7420 0.8737 
2.7687 0.8193 
2.7937 0.7681 
2.8171 0.7199 
2.8390 0.6745 
2.8596 0.6319 
2.8788 0.5917 
2.8969 0.5539 
2.9137 0.5183 
2.9295 0.4848 
2.9443 0.4532 
2.9581 0.4236 
2.9710 0.3957 
2.9830 0.3695 
2.9942 0.3449 
3.0047 0.3218 
3.0145 0.3001 
3.0236 0.2797 
3.0321 0.2606 
3.0401 0.2427 
3.0474 0.2260 
3.0543 0.2103 
3.0607 0.1957 
3.0666 0.1820 
3.0722 0.1692 
3.0773 0.1573 
3.0821 0.1462 
3.0865 0.1358 
3.0906 0.1262 
3.0945 0.1172 
3.0980 0.1089 
3.1013 0.1011 
3.1044 0.0940 
3.1073 0.0873 
3.1099 0.0811 
3.1124 0.0754 
3.1147 0.0701 
3.1168 0.0652 
3.1188 0.0606 
3.1206 0.0564 
3.1223 0.0525 
3.1239 0.0489 
3.1254 0.0456 
3.1268 0.0425 
3.1281 0.0397 
3.1293 0.0371 
3.1304 0.0346 
3.1315 0.0323 
3.1325 0.0302 
3.1334 0.0282 
3.1342 0.0264 
3.1350 0.0246 
3.1358 0.0229 
3.1365 0.0213 
3.1371 0.0197 
3.1377 0.0181 
3.1383 0.0165 
3.1388 0.0149 
3.1392 0.0133 
3.1396 0.0116 
3.1399 0.0097 
3.1402 0.0077 
3.1404 0.0055 
3.1405 0.0030 
3.1406 0.0003 
