0.0000 0.3667 
0.0115 0.6114 
0.0288 0.8581 
0.0519 1.1046 
0.0808 1.3486 
0.1154 1.5882 
0.1555 1.8210 
0.2010 2.0450 
0.2516 2.2581 
0.3072 2.4586 
0.3672 2.6446 
0.4315 2.8146 
0.4995 2.9672 
0.5709 3.1015 
0.6453 3.2165 
0.7221 3.3119 
0.8010 3.3873 
0.8814 3.4431 
0.9628 3.4795 
1.0449 3.4972 
1.1272 3.4972 
1.2093 3.4806 
1.2909 3.4486 
1.3715 3.4028 
1.4509 3.3446 
1.5287 3.2755 
1.6049 3.1970 
1.6791 3.1107 
1.7512 3.0179 
1.8210 2.9201 
1.8885 2.8185 
1.9536 2.7142 
2.0162 2.6083 
2.0763 2.5017 
2.1339 2.3952 
2.1890 2.2895 
2.2417 2.1852 
2.2919 2.0828 
2.3397 1.9828 
2.3852 1.8853 
2.4284 1.7908 
2.4695 1.6994 
2.5084 1.6112 
2.5453 1.5263 
2.5802 1.4448 
2.6133 1.3667 
2.6446 1.2921 
2.6741 1.2207 
2.7020 1.1527 
2.7284 1.0880 
2.7532 1.0264 
2.7767 0.9678 
2.7988 0.9123 
2.8196 0.8596 
2.8393 0.8096 
2.8578 0.7623 
2.8752 0.7176 
2.8915 0.6753 
2.9069 0.6353 
2.9214 0.5975 
2.9351 0.5618 
2.9479 0.5281 
2.9599 0.4963 
2.9713 0.4664 
2.9819 0.4381 
2.9919 0.4115 
3.0013 0.3864 
3.0101 0.3628 
3.0184 0.3406 
3.0261 0.3197 
3.0334 0.3000 
3.0403 0.2815 
3.0467 0.2641 
3.0527 0.2478 
3.0584 0.2324 
3.0637 0.2179 
3.0686 0.2043 
3.0733 0.1916 
3.0776 0.1796 
3.0817 0.1683 
3.0856 0.1577 
3.0892 0.1478 
3.0925 0.1385 
3.0957 0.1298 
3.0986 0.1216 
3.1014 0.1139 
3.1040 0.1066 
3.1064 0.0999 
3.1087 0.0935 
3.1108 0.0876 
3.1128 0.0820 
3.1147 0.0767 
3.1164 0.0718 
3.1181 0.0672 
3.1196 0.0629 
3.1210 0.0589 
3.1224 0.0551 
3.1236 0.0515 
3.1248 0.0482 
3.1259 0.0451 
3.1269 0.0422 
3.1279 0.0395 
3.1288 0.0369 
3.1296 0.0345 
3.1304 0.0323 
3.1311 0.0302 
3.1318 0.0282 
3.1325 0.0264 
3.1331 0.0247 
3.1336 0.0231 
3.1342 0.0216 
3.1346 0.0202 
3.1351 0.0188 
3.1355 0.0176 
3.1359 0.0165 
3.1363 0.0154 
3.1367 0.0144 
3.1370 0.0134 
3.1373 0.0125 
3.1376 0.0117 
3.1378 0.0109 
3.1381 0.0102 
3.1383 0.0096 
3.1385 0.0089 
3.1387 0.0083 
3.1389 0.0078 
3.1391 0.0073 
3.1393 0.0068 
3.1394 0.0063 
3.1396 0.0059 
3.1397 0.0055 
3.1398 0.0052 
3.1400 0.0048 
3.1401 0.0045 
3.1402 0.0042 
3.1403 0.0039 
3.1404 0.0037 
3.1404 0.0034 
3.1405 0.0032 
3.1406 0.0030 
3.1407 0.0028 
3.1407 0.0026 
3.1408 0.0024 
3.1408 0.0023 
3.1409 0.0021 
3.1409 0.0020 
3.1410 0.0018 
3.1410 0.0017 
3.1411 0.0016 
3.1411 0.0015 
3.1411 0.0014 
3.1412 0.0013 
3.1412 0.0012 
3.1412 0.0011 
3.1412 0.0011 
3.1413 0.0010 
3.1413 0.0009 
3.1413 0.0009 
3.1413 0.0008 
3.1413 0.0007 
3.1414 0.0007 
3.1414 0.0006 
3.1414 0.0006 
3.1414 0.0006 
3.1414 0.0005 
3.1414 0.0005 
3.1414 0.0005 
3.1415 0.0004 
3.1415 0.0004 
3.1415 0.0004 
3.1415 0.0003 
3.1415 0.0003 
3.1415 0.0003 
3.1415 0.0003 
3.1415 0.0003 
3.1415 0.0002 
3.1415 0.0002 
3.1415 0.0002 
3.1415 0.0002 
3.1415 0.0002 
3.1415 0.0002 
3.1415 0.0002 
3.1415 0.0001 
3.1415 0.0001 
3.1416 0.0001 
3.1416 0.0001 
3.1416 0.0001 
3.1416 0.0001 
3.1416 0.0001 
3.1416 0.0001 
3.1416 0.0001 
3.1416 0.0001 
3.1416 0.0001 
3.1416 0.0001 
3.1416 0.0001 
3.1416 0.0001 
3.1416 0.0001 
3.1416 0.0001 
3.1416 0.0000 
3.1416 0.0000 
3.1416 0.0000 
3.1416 0.0000 
3.1416 0.0000 
3.1416 0.0000 
3.1416 0.0000 
3.1416 0.0000 
3.1416 0.0000 
3.1416 0.0000 
3.1416 0.0000 
3.1416 0.0000 
3.1416 0.0000 
3.1416 0.0000 
3.1416 0.0000 
3.1416 0.0000 
3.1416 0.0000 
3.1416 0.0000 
3.1416 0.0000 
3.1416 0.0000 
3.1416 0.0000 
3.1416 0.0000 
3.1416 0.0000 
3.1416 0.0000 
3.1416 0.0000 
3.1416 0.0000 
3.1416 0.0000 
3.1416 0.0000 
3.1416 0.0000 
3.1416 0.0000 
3.1416 0.0000 
3.1416 0.0000 
3.1416 0.0000 
3.1416 0.0000 
3.1416 0.0000 
3.1416 0.0000 
3.1416 0.0000 
3.1416 0.0000 
3.1416 0.0000 
3.1416 0.0000 
3.1416 0.0000 
3.1416 0.0000 
3.1416 0.0000 
3.1416 0.0000 
3.1416 0.0000 
3.1416 0.0000 
3.1416 0.0000 
3.1416 0.0000 
3.1416 0.0000 
3.1416 0.0000 
3.1416 0.0000 
3.1416 0.0000 
3.1416 0.0000 
3.1416 0.0000 
3.1416 0.0000 
3.1416 0.0000 
3.1416 0.0000 
3.1416 0.0000 
