3.1031 
3.0836 
3.0795 
3.0068 
3.0045 
2.9847 
2.9687 
2.9259 
2.9047 
2.9010 
2.8893 
2.8935 
2.8857 
2.8474 
2.8206 
2.8062 
2.7826 
2.7908 
2.8036 
2.7786 
2.7896 
2.8041 
2.8407 
2.8030 
2.8014 
2.7899 
2.7790 
2.7819 
2.7838 
2.7776 
2.7853 
2.7452 
2.7110 
2.6825 
2.6576 
2.6549 
2.6104 
2.5974 
2.5369 
2.5148 
2.4756 
2.4215 
2.3735 
2.3044 
2.2441 
2.1952 
2.1321 
2.0809 
2.0388 
1.9858 
1.9404 
1.9055 
1.8891 
1.8957 
1.8970 
1.9239 
1.9684 
2.0541 
2.1683 
2.3252 
2.5216 
2.7785 
3.0996 
3.5016 
3.8339 
3.8382 
3.8306 
3.8255 
3.7989 
3.7359 
3.7048 
3.6834 
3.6561 
3.6016 
3.5382 
3.5275 
3.4795 
3.4541 
3.3989 
3.3337 
3.2983 
3.2270 
3.1583 
3.0893 
3.0036 
2.9784 
2.9414 
2.8882 
2.8300 
2.8047 
2.7334 
2.6973 
2.6566 
2.6110 
2.5557 
2.4922 
2.4379 
2.3974 
2.3380 
2.3015 
2.2658 
2.2301 
2.1542 
2.0798 
2.0357 
1.9934 
1.9194 
1.8782 
1.8220 
1.7524 
1.7212 
1.6708 
1.6371 
1.6090 
1.5948 
1.5698 
1.5659 
1.5622 
1.5756 
1.6184 
1.6743 
1.7662 
1.8891 
2.0539 
2.2695 
2.5418 
2.8771 
3.2928 
3.5180 
3.5663 
3.6114 
3.6359 
3.6761 
3.6463 
3.6599 
3.6811 
3.7238 
3.7113 
3.6845 
3.7008 
3.7332 
3.7149 
3.6904 
3.6282 
3.6086 
3.5727 
3.5472 
3.4891 
3.4261 
3.3316 
3.2439 
3.1959 
3.1231 
3.0268 
2.9185 
2.8201 
2.7275 
2.6435 
2.5641 
2.4641 
2.3256 
2.2031 
2.0673 
1.9750 
1.8488 
1.7258 
1.6285 
1.5090 
1.3896 
1.2636 
1.1583 
1.0359 
0.9390 
0.8339 
0.7327 
0.6676 
0.6127 
0.5378 
0.4812 
0.4566 
0.4382 
0.4369 
0.4633 
0.5311 
0.6386 
0.7885 
0.9940 
1.2533 
1.5895 
2.0009 
2.5149 
3.1430 
4.8533 
5.2134 
5.6139 
6.0286 
6.4590 
6.8760 
7.3306 
7.7137 
8.1068 
8.5909 
8.9881 
9.4093 
9.8586 
10.2123 
10.5570 
10.9290 
11.2482 
11.5750 
11.8831 
12.1351 
12.3340 
12.3168 
12.3712 
12.3157 
12.2870 
12.1850 
11.9413 
11.7263 
11.4262 
10.9507 
10.5115 
9.9639 
9.3876 
8.8627 
8.2023 
7.3764 
6.4674 
5.5849 
4.3707 
3.4163 
2.5560 
1.9438 
1.0164 
0.2054 
-0.5703 
-1.2533 
-1.7745 
-2.1545 
-2.7049 
-2.8140 
-3.0922 
-3.1453 
-3.4250 
-3.2587 
-3.3165 
-3.2228 
-3.4009 
-2.9911 
-3.3150 
-4.0882 
-5.4424 
-6.6263 
-10.9749 
0.0100 
