3.7402 
3.6479 
3.5548 
3.4612 
3.3674 
3.2738 
3.1808 
3.0886 
2.9975 
2.9079 
2.8199 
2.7339 
2.6501 
2.5687 
2.4900 
2.4141 
2.3413 
2.2717 
2.2055 
2.1429 
2.0840 
2.0289 
1.9780 
1.9311 
1.8885 
1.8502 
1.8165 
1.7872 
1.7627 
1.7428 
1.7277 
1.7174 
1.7121 
1.7116 
1.7162 
1.7257 
1.7403 
1.7599 
1.7847 
1.8144 
1.8492 
1.8890 
1.9339 
1.9837 
2.0385 
2.0981 
2.1627 
2.2318 
2.3057 
2.3840 
2.4669 
2.5538 
2.6450 
2.7400 
2.8389 
2.9412 
3.0469 
3.1555 
3.2670 
3.3809 
3.4971 
3.6149 
3.7344 
3.8548 
4.0271 
4.0911 
4.1509 
4.2063 
4.2571 
4.3029 
4.3435 
4.3787 
4.4083 
4.4319 
4.4495 
4.4607 
4.4654 
4.4634 
4.4547 
4.4389 
4.4161 
4.3863 
4.3492 
4.3051 
4.2538 
4.1956 
4.1305 
4.0588 
3.9806 
3.8963 
3.8062 
3.7106 
3.6100 
3.5048 
3.3956 
3.2827 
3.1668 
3.0485 
2.9282 
2.8066 
2.6843 
2.5619 
2.4399 
2.3190 
2.1998 
2.0827 
1.9686 
1.8579 
1.7513 
1.6491 
1.5523 
1.4611 
1.3765 
1.2987 
1.2286 
1.1665 
1.1135 
1.0696 
1.0362 
1.0130 
1.0017 
1.0017 
1.0148 
1.0404 
1.0804 
1.1338 
1.2025 
1.2855 
0.8488 
0.9874 
1.1388 
1.3027 
1.4790 
1.6672 
1.8671 
2.0781 
2.2999 
2.5316 
2.7730 
3.0231 
3.2813 
3.5467 
3.8185 
4.0957 
4.3772 
4.6620 
4.9487 
5.2362 
5.5229 
5.8075 
6.0879 
6.3629 
6.6298 
6.8876 
7.1332 
7.3654 
7.5808 
7.7785 
7.9546 
8.1089 
8.2370 
8.3395 
8.4118 
8.4557 
8.4666 
8.4476 
8.3944 
8.3119 
8.1957 
8.0532 
7.8799 
7.6853 
7.4646 
7.2296 
6.9744 
6.7130 
6.4377 
6.1644 
5.8828 
5.6108 
5.3347 
5.0744 
4.8125 
4.5712 
4.3287 
4.1104 
3.8898 
3.6962 
3.4978 
3.3289 
3.1517 
3.0064 
3.0573 
2.8876 
2.7277 
2.5771 
2.4349 
2.3008 
2.1742 
2.0545 
1.9413 
1.8341 
1.7326 
1.6364 
1.5452 
1.4586 
1.3763 
1.2982 
1.2240 
1.1533 
1.0861 
1.0222 
0.9613 
0.9033 
0.8481 
0.7954 
0.7452 
0.6973 
0.6515 
0.6078 
0.5660 
0.5261 
0.4878 
0.4510 
0.4158 
0.3819 
0.3493 
0.3178 
0.2875 
0.2580 
0.2295 
0.2017 
0.1746 
0.1481 
0.1221 
0.0965 
0.0712 
0.0461 
0.0212 
-0.0038 
-0.0288 
-0.0540 
-0.0795 
-0.1054 
-0.1319 
-0.1591 
-0.1871 
-0.2162 
-0.2465 
-0.2783 
-0.3118 
-0.3474 
-0.3851 
-0.4255 
-0.4686 
0.0100 
