3.4037 
3.2915 
3.1802 
3.0700 
2.9616 
2.8551 
2.7509 
2.6495 
2.5510 
2.4558 
2.3642 
2.2764 
2.1926 
2.1132 
2.0382 
1.9680 
1.9026 
1.8422 
1.7870 
1.7371 
1.6926 
1.6536 
1.6202 
1.5924 
1.5703 
1.5539 
1.5434 
1.5386 
1.5396 
1.5463 
1.5589 
1.5772 
1.6012 
1.6309 
1.6662 
1.7070 
1.7532 
1.8048 
1.8617 
1.9237 
1.9907 
2.0625 
2.1391 
2.2202 
2.3057 
2.3952 
2.4888 
2.5859 
2.6866 
2.7904 
2.8972 
3.0065 
3.1182 
3.2317 
3.3470 
3.4635 
3.5810 
3.6989 
3.8171 
3.9349 
4.0521 
4.1682 
4.2826 
4.3950 
4.6012 
4.6308 
4.6533 
4.6686 
4.6765 
4.6768 
4.6694 
4.6543 
4.6313 
4.6004 
4.5616 
4.5150 
4.4605 
4.3984 
4.3286 
4.2515 
4.1672 
4.0760 
3.9782 
3.8743 
3.7646 
3.6497 
3.5298 
3.4058 
3.2779 
3.1470 
3.0135 
2.8781 
2.7414 
2.6041 
2.4668 
2.3301 
2.1948 
2.0613 
1.9305 
1.8028 
1.6790 
1.5596 
1.4453 
1.3365 
1.2343 
1.1387 
1.0510 
0.9712 
0.9005 
0.8390 
0.7881 
0.7476 
0.7190 
0.7022 
0.6989 
0.7085 
0.7329 
0.7715 
0.8262 
0.8961 
0.9833 
1.0866 
1.2079 
1.3459 
1.5025 
1.6758 
1.8679 
2.0766 
2.1139 
2.3385 
2.5729 
2.8164 
3.0684 
3.3279 
3.5943 
3.8666 
4.1438 
4.4249 
4.7088 
4.9943 
5.2800 
5.5646 
5.8464 
6.1240 
6.3954 
6.6589 
6.9123 
7.1538 
7.3809 
7.5919 
7.7839 
7.9553 
8.1033 
8.2265 
8.3221 
8.3895 
8.4259 
8.4319 
8.4050 
8.3470 
8.2562 
8.1357 
7.9846 
7.8077 
7.6045 
7.3814 
7.1382 
6.8823 
6.6134 
6.3396 
6.0597 
5.7822 
5.5043 
5.2350 
4.9694 
4.7166 
4.4699 
4.2387 
4.0141 
3.8064 
3.6046 
3.4201 
3.2402 
3.0775 
2.9175 
2.7745 
2.6324 
2.5072 
2.3810 
2.2720 
2.1602 
2.0662 
2.1089 
1.9874 
1.8727 
1.7644 
1.6620 
1.5652 
1.4736 
1.3870 
1.3050 
1.2274 
1.1539 
1.0843 
1.0184 
0.9560 
0.8968 
0.8408 
0.7878 
0.7375 
0.6899 
0.6447 
0.6020 
0.5615 
0.5231 
0.4866 
0.4521 
0.4194 
0.3883 
0.3588 
0.3308 
0.3042 
0.2789 
0.2548 
0.2318 
0.2099 
0.1889 
0.1689 
0.1497 
0.1312 
0.1134 
0.0963 
0.0797 
0.0636 
0.0479 
0.0326 
0.0175 
0.0027 
-0.0119 
-0.0264 
-0.0408 
-0.0554 
-0.0700 
-0.0848 
-0.0998 
-0.1153 
-0.1312 
-0.1477 
-0.1650 
-0.1832 
-0.2024 
-0.2229 
-0.2447 
-0.2682 
-0.2934 
0.0100 
