8.1169 
8.5152 
8.8886 
9.2351 
9.5527 
9.8395 
10.0939 
10.3141 
10.4988 
10.6467 
10.7566 
10.8280 
10.8602 
10.8532 
10.8072 
10.7228 
10.6013 
10.4440 
10.2529 
10.0304 
9.7792 
9.5022 
9.2028 
8.8843 
8.5504 
8.2045 
7.8502 
7.4907 
7.1294 
6.7689 
6.4122 
6.0613 
5.7185 
5.3852 
5.0631 
4.7530 
4.4561 
4.1725 
3.9030 
3.6474 
3.4062 
3.1786 
2.9651 
2.7647 
2.5778 
2.4032 
2.2414 
2.0909 
1.9525 
1.8245 
1.7080 
1.6008 
1.5049 
1.4172 
1.3408 
1.2717 
1.2143 
1.1628 
1.1243 
1.0899 
1.0707 
1.0527 
1.0536 
1.0514 
1.1500 
1.0187 
0.9018 
0.7977 
0.7054 
0.6237 
0.5516 
0.4882 
0.4325 
0.3839 
0.3414 
0.3044 
0.2724 
0.2447 
0.2207 
0.2001 
0.1823 
0.1670 
0.1539 
0.1425 
0.1327 
0.1242 
0.1168 
0.1102 
0.1044 
0.0991 
0.0943 
0.0899 
0.0858 
0.0818 
0.0781 
0.0745 
0.0711 
0.0677 
0.0645 
0.0614 
0.0586 
0.0558 
0.0535 
0.0513 
0.0497 
0.0483 
0.0478 
0.0478 
0.0488 
0.0505 
0.0536 
0.0576 
0.0635 
0.0705 
0.0801 
0.0909 
0.1052 
0.1208 
0.1410 
0.1624 
0.1900 
0.2184 
0.2551 
0.2916 
0.3396 
0.3852 
0.4470 
0.5022 
0.5752 
0.4735 
0.3853 
0.3090 
0.2434 
0.1875 
0.1400 
0.1001 
0.0670 
0.0399 
0.0180 
0.0006 
-0.0127 
-0.0226 
-0.0295 
-0.0340 
-0.0363 
-0.0370 
-0.0362 
-0.0343 
-0.0316 
-0.0282 
-0.0244 
-0.0203 
-0.0161 
-0.0118 
-0.0076 
-0.0036 
0.0003 
0.0039 
0.0073 
0.0104 
0.0133 
0.0159 
0.0185 
0.0208 
0.0232 
0.0254 
0.0279 
0.0305 
0.0336 
0.0369 
0.0411 
0.0458 
0.0517 
0.0585 
0.0669 
0.0766 
0.0884 
0.1020 
0.1184 
0.1370 
0.1594 
0.1843 
0.2143 
0.2471 
0.2866 
0.3289 
0.3801 
0.4337 
0.4995 
0.5659 
0.6495 
0.7300 
1.0464 
0.8976 
0.7664 
0.6513 
0.5506 
0.4631 
0.3874 
0.3224 
0.2671 
0.2204 
0.1814 
0.1493 
0.1233 
0.1025 
0.0864 
0.0743 
0.0656 
0.0598 
0.0564 
0.0550 
0.0552 
0.0566 
0.0589 
0.0620 
0.0655 
0.0693 
0.0733 
0.0772 
0.0809 
0.0844 
0.0876 
0.0905 
0.0930 
0.0950 
0.0966 
0.0977 
0.0982 
0.0984 
0.0979 
0.0970 
0.0956 
0.0937 
0.0912 
0.0883 
0.0848 
0.0808 
0.0762 
0.0712 
0.0655 
0.0594 
0.0525 
0.0453 
0.0373 
0.0290 
0.0200 
0.0107 
0.0008 
-0.0093 
-0.0198 
-0.0304 
-0.0413 
-0.0521 
-0.0635 
0.0100 
