9.0421 
9.3460 
9.6215 
9.8669 
10.0808 
10.2619 
10.4089 
10.5209 
10.5970 
10.6368 
10.6400 
10.6068 
10.5376 
10.4332 
10.2949 
10.1242 
9.9231 
9.6938 
9.4388 
9.1611 
8.8635 
8.5491 
8.2213 
7.8831 
7.5377 
7.1881 
6.8372 
6.4876 
6.1417 
5.8018 
5.4696 
5.1469 
4.8348 
4.5344 
4.2465 
3.9718 
3.7105 
3.4628 
3.2285 
3.0079 
2.8002 
2.6055 
2.4229 
2.2525 
2.0931 
1.9448 
1.8064 
1.6779 
1.5582 
1.4474 
1.3441 
1.2487 
1.1597 
1.0777 
1.0012 
0.9308 
0.8650 
0.8046 
0.7481 
0.6963 
0.6477 
0.6033 
0.5614 
0.5232 
0.4732 
0.4408 
0.4106 
0.3825 
0.3564 
0.3322 
0.3095 
0.2885 
0.2688 
0.2505 
0.2335 
0.2175 
0.2026 
0.1887 
0.1758 
0.1636 
0.1523 
0.1416 
0.1317 
0.1224 
0.1137 
0.1056 
0.0979 
0.0908 
0.0841 
0.0779 
0.0720 
0.0665 
0.0614 
0.0566 
0.0521 
0.0479 
0.0440 
0.0404 
0.0370 
0.0338 
0.0308 
0.0281 
0.0255 
0.0231 
0.0209 
0.0188 
0.0169 
0.0152 
0.0136 
0.0121 
0.0107 
0.0094 
0.0083 
0.0072 
0.0062 
0.0053 
0.0045 
0.0038 
0.0031 
0.0025 
0.0020 
0.0015 
0.0010 
0.0006 
0.0002 
-0.0001 
-0.0005 
-0.0008 
-0.0008 
-0.0009 
-0.0010 
-0.0012 
-0.0012 
-0.0013 
-0.0013 
-0.0013 
-0.0013 
-0.0013 
-0.0013 
-0.0012 
-0.0012 
-0.0011 
-0.0010 
-0.0010 
-0.0009 
-0.0008 
-0.0007 
-0.0006 
-0.0005 
-0.0005 
-0.0004 
-0.0003 
-0.0002 
-0.0001 
-0.0000 
0.0000 
0.0001 
0.0002 
0.0002 
0.0003 
0.0004 
0.0004 
0.0005 
0.0005 
0.0005 
0.0006 
0.0006 
0.0006 
0.0006 
0.0007 
0.0007 
0.0007 
0.0007 
0.0007 
0.0007 
0.0007 
0.0007 
0.0007 
0.0007 
0.0007 
0.0007 
0.0007 
0.0007 
0.0006 
0.0006 
0.0006 
0.0006 
0.0006 
0.0006 
0.0006 
0.0006 
0.0006 
0.0006 
0.0006 
0.0006 
0.0005 
0.0005 
0.0005 
0.0004 
0.0004 
0.0004 
0.0003 
0.0003 
0.0003 
0.0002 
0.0002 
0.0002 
0.0002 
0.0001 
0.0001 
0.0001 
0.0000 
0.0000 
-0.0000 
-0.0000 
-0.0000 
-0.0001 
-0.0001 
-0.0001 
-0.0001 
-0.0001 
-0.0001 
-0.0002 
-0.0002 
-0.0002 
-0.0002 
-0.0002 
-0.0002 
-0.0002 
-0.0002 
-0.0002 
-0.0002 
-0.0002 
-0.0002 
-0.0002 
-0.0002 
-0.0002 
-0.0002 
-0.0002 
-0.0002 
-0.0002 
-0.0002 
-0.0002 
-0.0002 
-0.0002 
-0.0001 
-0.0001 
-0.0001 
-0.0001 
-0.0001 
-0.0001 
-0.0001 
-0.0000 
0.0000 
0.0001 
0.0100 
