3.7308 
3.6355 
3.5394 
3.4438 
3.3496 
3.2574 
3.1673 
3.0796 
2.9943 
2.9115 
2.8312 
2.7537 
2.6793 
2.6087 
2.5423 
2.4810 
2.4255 
2.3766 
2.3349 
2.3016 
2.2768 
2.2620 
2.2578 
2.2669 
2.2911 
2.3360 
2.4076 
2.5174 
2.6787 
2.9131 
3.2460 
3.7127 
4.4300 
4.5567 
4.6546 
4.7221 
4.7582 
4.7623 
4.7346 
4.6752 
4.5850 
4.4648 
4.3164 
4.1410 
3.9416 
3.7203 
3.4810 
3.2267 
2.9619 
2.6903 
2.4163 
2.1439 
1.8771 
1.6202 
1.3763 
1.1509 
0.9467 
0.7717 
0.6289 
0.5310 
0.4828 
0.5036 
0.6014 
0.8038 
1.4915 
1.7866 
2.1265 
2.5110 
2.9350 
3.3965 
3.8885 
4.4064 
4.9415 
5.4855 
6.0276 
6.5547 
7.0547 
7.5090 
7.9069 
8.2251 
8.4587 
8.5821 
8.6016 
8.4909 
8.2741 
7.9251 
7.4932 
6.9498 
6.3767 
5.7315 
5.1367 
4.5156 
4.0514 
3.6046 
3.4727 
3.4032 
7.8777 
6.4231 
5.1333 
4.0239 
3.1012 
2.3622 
1.7948 
1.3807 
1.0970 
0.9198 
0.8250 
0.7909 
0.7982 
0.8312 
0.8766 
0.9247 
0.9668 
0.9971 
1.0097 
1.0006 
0.9653 
0.8998 
0.8012 
0.6653 
0.4931 
0.2806 
0.0373 
-0.2454 
-0.5532 
-0.9199 
-1.3279 
0.0100 
