8.8501 
9.4542 
9.9413 
10.3002 
10.5223 
10.6022 
10.5388 
10.3361 
10.0034 
9.5554 
9.0113 
8.3936 
7.7264 
7.0340 
6.3386 
5.6596 
5.0122 
4.4077 
3.8529 
3.3512 
2.9031 
2.5070 
2.1596 
1.8569 
1.5945 
1.3679 
1.1728 
1.0052 
0.8613 
0.7379 
0.6322 
0.5417 
0.4503 
0.3853 
0.3297 
0.2821 
0.2413 
0.2064 
0.1765 
0.1509 
0.1291 
0.1103 
0.0943 
0.0806 
0.0689 
0.0589 
0.0503 
0.0430 
0.0367 
0.0313 
0.0268 
0.0228 
0.0195 
0.0166 
0.0142 
0.0121 
0.0103 
0.0088 
0.0075 
0.0064 
0.0055 
0.0047 
0.0040 
0.0034 
0.0029 
0.0025 
0.0021 
0.0018 
0.0015 
0.0013 
0.0011 
0.0009 
0.0008 
0.0007 
0.0006 
0.0005 
0.0004 
0.0004 
0.0003 
0.0003 
0.0002 
0.0002 
0.0002 
0.0001 
0.0001 
0.0001 
0.0001 
0.0001 
0.0001 
0.0000 
0.0000 
0.0000 
0.0000 
0.0000 
0.0000 
0.0000 
0.0000 
0.0000 
0.0000 
0.0000 
0.0000 
0.0000 
-0.0000 
-0.0000 
-0.0000 
-0.0000 
-0.0000 
-0.0000 
-0.0000 
-0.0000 
-0.0000 
-0.0000 
-0.0000 
-0.0000 
-0.0000 
-0.0000 
-0.0000 
-0.0000 
-0.0000 
-0.0000 
-0.0001 
-0.0001 
-0.0001 
-0.0001 
-0.0001 
-0.0001 
-0.0001 
0.0100 
