9.4762 
10.0823 
10.5604 
10.8998 
11.0925 
11.1334 
11.0219 
10.7629 
10.3678 
9.8538 
9.2440 
8.5645 
7.8431 
7.1062 
6.3772 
5.6751 
5.0137 
4.4023 
3.8457 
3.3454 
2.9003 
2.5075 
2.1632 
1.8629 
1.6021 
1.3764 
1.1815 
1.0136 
0.8690 
0.7448 
0.6382 
0.5467 
0.4664 
0.3993 
0.3419 
0.2926 
0.2505 
0.2144 
0.1835 
0.1570 
0.1344 
0.1150 
0.0984 
0.0842 
0.0720 
0.0616 
0.0527 
0.0451 
0.0386 
0.0330 
0.0282 
0.0241 
0.0206 
0.0176 
0.0151 
0.0129 
0.0110 
0.0094 
0.0081 
0.0069 
0.0059 
0.0050 
0.0043 
0.0037 
0.0032 
0.0027 
0.0023 
0.0020 
0.0017 
0.0014 
0.0012 
0.0010 
0.0009 
0.0008 
0.0006 
0.0006 
0.0005 
0.0004 
0.0003 
0.0003 
0.0002 
0.0002 
0.0002 
0.0002 
0.0001 
0.0001 
0.0001 
0.0001 
0.0001 
0.0001 
0.0000 
0.0000 
0.0000 
0.0000 
0.0000 
0.0000 
0.0000 
0.0000 
0.0000 
0.0000 
-0.0000 
-0.0000 
-0.0000 
-0.0000 
-0.0000 
-0.0000 
-0.0000 
-0.0000 
-0.0000 
-0.0000 
-0.0000 
-0.0000 
-0.0000 
-0.0000 
-0.0000 
-0.0000 
-0.0000 
-0.0000 
-0.0000 
-0.0000 
-0.0001 
-0.0001 
-0.0001 
-0.0001 
-0.0001 
-0.0001 
-0.0001 
0.0100 
