9.9771 
10.5130 
10.9117 
11.1643 
11.2644 
11.2096 
11.0025 
10.6521 
10.1737 
9.5887 
8.9229 
8.2040 
7.4600 
6.7159 
5.9928 
5.3068 
4.6687 
4.0849 
3.5581 
3.0878 
2.6717 
2.3062 
1.9870 
1.7094 
1.4689 
1.2610 
1.0819 
0.9276 
0.7950 
0.6812 
0.5835 
0.4997 
0.4261 
0.3648 
0.3123 
0.2673 
0.2288 
0.1958 
0.1676 
0.1434 
0.1227 
0.1050 
0.0899 
0.0769 
0.0658 
0.0563 
0.0482 
0.0412 
0.0353 
0.0302 
0.0258 
0.0221 
0.0189 
0.0161 
0.0138 
0.0118 
0.0101 
0.0086 
0.0074 
0.0063 
0.0054 
0.0046 
0.0039 
0.0034 
0.0029 
0.0025 
0.0021 
0.0018 
0.0016 
0.0013 
0.0011 
0.0010 
0.0008 
0.0007 
0.0006 
0.0005 
0.0004 
0.0004 
0.0003 
0.0003 
0.0002 
0.0002 
0.0002 
0.0001 
0.0001 
0.0001 
0.0001 
0.0001 
0.0001 
0.0000 
0.0000 
0.0000 
0.0000 
0.0000 
0.0000 
0.0000 
0.0000 
0.0000 
0.0000 
0.0000 
0.0000 
-0.0000 
-0.0000 
-0.0000 
-0.0000 
-0.0000 
-0.0000 
-0.0000 
-0.0000 
-0.0000 
-0.0000 
-0.0000 
-0.0000 
-0.0000 
-0.0000 
-0.0000 
-0.0000 
-0.0000 
-0.0000 
-0.0000 
-0.0001 
-0.0001 
-0.0001 
-0.0001 
-0.0001 
-0.0001 
-0.0001 
0.0100 
