4.3211 
4.0653 
3.8007 
3.5324 
3.2655 
3.0045 
2.7538 
2.5171 
2.2976 
2.0983 
1.9215 
1.7693 
1.6432 
1.5442 
1.4731 
1.4302 
1.4152 
1.4279 
1.4675 
1.5330 
1.6231 
1.7363 
1.8708 
2.0246 
2.1953 
2.3806 
2.5774 
2.7830 
2.9938 
3.2067 
3.4179 
3.6243 
4.4808 
4.6298 
4.7514 
4.8432 
4.9032 
4.9298 
4.9221 
4.8794 
4.8018 
4.6897 
4.5445 
4.3678 
4.1626 
3.9317 
3.6795 
3.4101 
3.1284 
2.8393 
2.5480 
2.2592 
1.9780 
1.7087 
1.4558 
1.2236 
1.0158 
0.8369 
0.6902 
0.5804 
0.5105 
0.4856 
0.5079 
0.5823 
1.1269 
1.5290 
1.9746 
2.4586 
2.9739 
3.5132 
4.0684 
4.6317 
5.1945 
5.7484 
6.2838 
6.7899 
7.2550 
7.6655 
8.0076 
8.2649 
8.4230 
8.4653 
8.3815 
8.1624 
7.8125 
7.3405 
6.7737 
6.1385 
5.4764 
4.8143 
4.1888 
3.6096 
3.0997 
2.6482 
2.2702 
1.9401 
2.0501 
1.7490 
1.4925 
1.2740 
1.0879 
0.9291 
0.7933 
0.6771 
0.5773 
0.4914 
0.4173 
0.3531 
0.2972 
0.2484 
0.2053 
0.1671 
0.1329 
0.1017 
0.0728 
0.0457 
0.0196 
-0.0061 
-0.0320 
-0.0587 
-0.0869 
-0.1173 
-0.1505 
-0.1874 
-0.2288 
-0.2757 
-0.3294 
0.0100 
