2.9687 
2.8964 
2.8335 
2.7859 
2.7374 
2.7077 
2.7037 
2.7017 
2.7015 
2.7203 
2.7365 
2.7784 
2.8306 
2.8989 
2.9410 
3.0105 
3.0978 
3.1683 
3.2411 
3.3163 
3.3850 
3.4549 
3.5000 
3.5547 
3.6112 
3.6418 
3.6784 
3.6986 
3.7080 
3.7065 
3.6921 
3.6607 
3.4205 
3.4612 
3.4810 
3.5037 
3.5176 
3.5463 
3.5652 
3.5608 
3.5358 
3.5250 
3.5083 
3.4874 
3.4666 
3.4410 
3.4161 
3.3887 
3.3514 
3.3162 
3.2888 
3.2514 
3.2037 
3.1773 
3.1354 
3.0993 
3.0667 
3.0305 
2.9919 
2.9649 
2.9382 
2.9174 
2.8966 
2.8799 
2.1580 
2.0241 
1.8947 
1.7570 
1.6306 
1.5013 
1.3681 
1.2457 
1.1338 
1.0432 
0.9867 
0.9643 
0.9862 
1.0542 
1.1649 
1.3441 
1.5801 
1.8850 
2.2484 
2.6640 
3.1740 
3.7205 
4.3225 
4.9829 
5.6754 
6.3948 
7.1229 
7.8500 
8.5453 
9.2104 
9.8130 
10.3310 
10.0113 
9.9881 
9.8358 
9.4521 
8.8804 
8.1131 
7.1366 
6.0658 
4.8923 
3.6059 
2.3115 
1.1255 
0.0485 
-0.8613 
-1.6997 
-2.3051 
-2.6665 
-2.8969 
-2.9963 
-2.7492 
-2.5217 
-2.2995 
-1.8174 
-1.2403 
-0.9944 
-0.1758 
0.0203 
0.6012 
0.6256 
0.4050 
-2.0655 
0.0100 
