10.2018 
10.4451 
10.6546 
10.8293 
10.9679 
11.0698 
11.1341 
11.1605 
11.1489 
11.0995 
11.0127 
10.8896 
10.7315 
10.5401 
10.3175 
10.0662 
9.7890 
9.4889 
9.1693 
8.8334 
8.4846 
8.1265 
7.7623 
7.3951 
7.0280 
6.6635 
6.3041 
5.9518 
5.6086 
5.2758 
4.9546 
4.6461 
4.3507 
4.0691 
3.8013 
3.5475 
3.3076 
3.0812 
2.8682 
2.6682 
2.4805 
2.3048 
2.1406 
1.9872 
1.8441 
1.7107 
1.5865 
1.4709 
1.3634 
1.2635 
1.1707 
1.0846 
1.0046 
0.9305 
0.8617 
0.7979 
0.7388 
0.6840 
0.6332 
0.5862 
0.5427 
0.5023 
0.4649 
0.4303 
0.3971 
0.3675 
0.3401 
0.3147 
0.2913 
0.2695 
0.2494 
0.2308 
0.2136 
0.1976 
0.1829 
0.1692 
0.1566 
0.1449 
0.1340 
0.1240 
0.1148 
0.1062 
0.0982 
0.0909 
0.0841 
0.0778 
0.0720 
0.0666 
0.0616 
0.0570 
0.0528 
0.0488 
0.0452 
0.0418 
0.0387 
0.0358 
0.0331 
0.0306 
0.0283 
0.0262 
0.0242 
0.0224 
0.0207 
0.0192 
0.0178 
0.0164 
0.0152 
0.0141 
0.0130 
0.0120 
0.0111 
0.0103 
0.0095 
0.0088 
0.0082 
0.0075 
0.0070 
0.0065 
0.0060 
0.0055 
0.0051 
0.0047 
0.0044 
0.0040 
0.0037 
0.0035 
0.0032 
0.0030 
0.0027 
0.0025 
0.0023 
0.0022 
0.0020 
0.0018 
0.0017 
0.0016 
0.0015 
0.0014 
0.0013 
0.0012 
0.0011 
0.0010 
0.0009 
0.0008 
0.0008 
0.0007 
0.0007 
0.0006 
0.0006 
0.0005 
0.0005 
0.0005 
0.0004 
0.0004 
0.0004 
0.0003 
0.0003 
0.0003 
0.0003 
0.0002 
0.0002 
0.0002 
0.0002 
0.0002 
0.0002 
0.0001 
0.0001 
0.0001 
0.0001 
0.0001 
0.0001 
0.0001 
0.0001 
0.0001 
0.0001 
0.0001 
0.0000 
0.0000 
0.0000 
0.0000 
0.0000 
0.0000 
0.0000 
0.0000 
0.0000 
0.0000 
0.0000 
0.0000 
0.0000 
0.0000 
0.0000 
0.0000 
0.0000 
0.0000 
-0.0000 
0.0000 
0.0000 
0.0000 
0.0000 
-0.0000 
0.0000 
0.0000 
-0.0000 
-0.0000 
0.0000 
0.0000 
-0.0000 
-0.0000 
-0.0000 
-0.0000 
-0.0000 
-0.0000 
-0.0000 
-0.0000 
-0.0000 
-0.0000 
-0.0000 
-0.0000 
-0.0000 
-0.0000 
-0.0000 
-0.0000 
-0.0000 
-0.0000 
-0.0000 
-0.0000 
-0.0000 
-0.0000 
-0.0000 
-0.0000 
-0.0000 
-0.0000 
-0.0000 
-0.0000 
-0.0000 
-0.0000 
-0.0000 
-0.0000 
-0.0000 
-0.0000 
-0.0000 
-0.0000 
-0.0000 
-0.0001 
-0.0001 
-0.0001 
-0.0001 
-0.0001 
-0.0001 
-0.0001 
-0.0001 
-0.0001 
-0.0001 
-0.0001 
-0.0001 
0.0100 
