10.4521 
10.6763 
10.8657 
11.0191 
11.1355 
11.2143 
11.2549 
11.2570 
11.2207 
11.1465 
11.0350 
10.8874 
10.7054 
10.4910 
10.2465 
9.9746 
9.6785 
9.3612 
9.0263 
8.6772 
8.3175 
7.9505 
7.5796 
7.2078 
6.8379 
6.4725 
6.1138 
5.7638 
5.4241 
5.0958 
4.7801 
4.4777 
4.1891 
3.9145 
3.6541 
3.4077 
3.1752 
2.9562 
2.7505 
2.5575 
2.3767 
2.2076 
2.0496 
1.9021 
1.7647 
1.6367 
1.5175 
1.4067 
1.3037 
1.2080 
1.1191 
1.0366 
0.9601 
0.8891 
0.8233 
0.7623 
0.7057 
0.6533 
0.6048 
0.5598 
0.5182 
0.4796 
0.4439 
0.4108 
0.3800 
0.3517 
0.3254 
0.3012 
0.2787 
0.2579 
0.2386 
0.2208 
0.2043 
0.1891 
0.1750 
0.1619 
0.1498 
0.1386 
0.1283 
0.1187 
0.1098 
0.1016 
0.0940 
0.0870 
0.0805 
0.0745 
0.0689 
0.0637 
0.0590 
0.0546 
0.0505 
0.0467 
0.0432 
0.0400 
0.0370 
0.0342 
0.0317 
0.0293 
0.0271 
0.0251 
0.0232 
0.0215 
0.0199 
0.0184 
0.0170 
0.0157 
0.0146 
0.0135 
0.0125 
0.0115 
0.0107 
0.0099 
0.0091 
0.0084 
0.0078 
0.0072 
0.0067 
0.0062 
0.0057 
0.0053 
0.0049 
0.0045 
0.0042 
0.0039 
0.0036 
0.0033 
0.0031 
0.0028 
0.0026 
0.0024 
0.0022 
0.0021 
0.0019 
0.0018 
0.0016 
0.0015 
0.0014 
0.0013 
0.0012 
0.0011 
0.0010 
0.0009 
0.0009 
0.0008 
0.0007 
0.0007 
0.0006 
0.0006 
0.0005 
0.0005 
0.0005 
0.0004 
0.0004 
0.0004 
0.0003 
0.0003 
0.0003 
0.0003 
0.0002 
0.0002 
0.0002 
0.0002 
0.0002 
0.0002 
0.0002 
0.0001 
0.0001 
0.0001 
0.0001 
0.0001 
0.0001 
0.0001 
0.0001 
0.0001 
0.0001 
0.0001 
0.0000 
0.0000 
0.0000 
0.0000 
0.0000 
0.0000 
0.0000 
0.0000 
0.0000 
0.0000 
0.0000 
0.0000 
0.0000 
0.0000 
0.0000 
0.0000 
-0.0000 
-0.0000 
0.0000 
0.0000 
-0.0000 
-0.0000 
-0.0000 
-0.0000 
-0.0000 
-0.0000 
-0.0000 
-0.0000 
-0.0000 
-0.0000 
-0.0000 
-0.0000 
-0.0000 
-0.0000 
-0.0000 
-0.0000 
-0.0000 
-0.0000 
-0.0000 
-0.0000 
-0.0000 
-0.0000 
-0.0000 
-0.0000 
-0.0000 
-0.0000 
-0.0000 
-0.0000 
-0.0000 
-0.0000 
-0.0000 
-0.0000 
-0.0000 
-0.0000 
-0.0000 
-0.0000 
-0.0000 
-0.0000 
-0.0000 
-0.0000 
-0.0000 
-0.0000 
-0.0000 
-0.0000 
-0.0000 
-0.0000 
-0.0001 
-0.0001 
-0.0001 
-0.0001 
-0.0001 
-0.0001 
-0.0001 
-0.0001 
-0.0001 
-0.0001 
-0.0001 
-0.0001 
-0.0001 
0.0100 
