2.8961 
2.8249 
2.7694 
2.7299 
2.7058 
2.6963 
2.6999 
2.7149 
2.7393 
2.7709 
2.8073 
2.8460 
2.8847 
2.9209 
2.9526 
2.9777 
2.9945 
3.0016 
2.9980 
2.9833 
2.9577 
2.9220 
2.8782 
2.8290 
2.7784 
2.7313 
2.6937 
2.6714 
2.6707 
2.6945 
2.7433 
2.8072 
2.8558 
2.8931 
2.9376 
2.9899 
3.0505 
3.1196 
3.1971 
3.2824 
3.3746 
3.4723 
3.5734 
3.6754 
3.7752 
3.8693 
3.9537 
4.0245 
4.0775 
4.1092 
4.1162 
4.0963 
4.0482 
3.9719 
3.8685 
3.7410 
3.5928 
3.4292 
3.2552 
3.0767 
2.8979 
2.7208 
2.5437 
2.3562 
2.3206 
2.1503 
1.9994 
1.8714 
1.7701 
1.6985 
1.6600 
1.6571 
1.6925 
1.7676 
1.8842 
2.0423 
2.2423 
2.4829 
2.7629 
3.0795 
3.4297 
3.8103 
4.2157 
4.6426 
5.0814 
5.5305 
5.9733 
6.4130 
6.8233 
7.2173 
7.5545 
7.8670 
8.0890 
8.2812 
8.3235 
8.3081 
7.8220 
7.2520 
6.6620 
6.0780 
5.5203 
5.0025 
4.5316 
4.1093 
3.7329 
3.3978 
3.0976 
2.8263 
2.5776 
2.3464 
2.1279 
1.9182 
1.7137 
1.5116 
1.3089 
1.1034 
0.8923 
0.6736 
0.4448 
0.2038 
-0.0520 
-0.3255 
-0.6195 
-0.9391 
-1.2870 
-1.6698 
-2.0809 
0.0100 
