3.6982 
4.6083 
5.5069 
6.3754 
7.1945 
7.9447 
8.6064 
9.1607 
9.5896 
9.8789 
10.0165 
9.9986 
9.8248 
9.5071 
9.0595 
8.5101 
7.8827 
7.2144 
6.5276 
5.8573 
5.2128 
4.6214 
4.0746 
3.5940 
3.1558 
2.7830 
2.4401 
2.1574 
1.8896 
1.6779 
1.4670 
1.3107 
1.1019 
0.9720 
0.8586 
0.7593 
0.6720 
0.5951 
0.5272 
0.4672 
0.4139 
0.3666 
0.3246 
0.2872 
0.2540 
0.2244 
0.1980 
0.1745 
0.1536 
0.1350 
0.1185 
0.1038 
0.0908 
0.0792 
0.0691 
0.0600 
0.0522 
0.0451 
0.0392 
0.0336 
0.0292 
0.0248 
0.0217 
0.0180 
0.0168 
0.0142 
0.0120 
0.0101 
0.0084 
0.0070 
0.0058 
0.0048 
0.0039 
0.0031 
0.0025 
0.0020 
0.0015 
0.0012 
0.0009 
0.0006 
0.0004 
0.0003 
0.0001 
0.0000 
-0.0000 
-0.0001 
-0.0001 
-0.0002 
-0.0002 
-0.0002 
-0.0002 
-0.0002 
-0.0002 
-0.0002 
-0.0002 
-0.0002 
-0.0002 
-0.0001 
-0.0001 
-0.0001 
-0.0001 
-0.0001 
-0.0001 
-0.0001 
-0.0001 
-0.0000 
-0.0000 
-0.0000 
-0.0000 
-0.0000 
-0.0000 
-0.0000 
-0.0000 
-0.0000 
-0.0000 
-0.0000 
-0.0000 
-0.0000 
-0.0000 
-0.0000 
-0.0000 
-0.0001 
-0.0001 
-0.0001 
-0.0001 
-0.0001 
-0.0001 
0.0100 
