2.6970 
2.6639 
2.6513 
2.6582 
2.6834 
2.7251 
2.7810 
2.8487 
2.9258 
3.0093 
3.0967 
3.1851 
3.2719 
3.3542 
3.4296 
3.4953 
3.5486 
3.5866 
3.6065 
3.6051 
3.5790 
3.5245 
3.4378 
3.3150 
3.1518 
2.9442 
2.6881 
2.3798 
2.0160 
1.5941 
1.1121 
0.5693 
3.3329 
3.2666 
3.1998 
3.1356 
3.0772 
3.0275 
2.9893 
2.9649 
2.9559 
2.9636 
2.9883 
3.0296 
3.0860 
3.1554 
3.2344 
3.3192 
3.4047 
3.4855 
3.5554 
3.6076 
3.6351 
3.6309 
3.5882 
3.5003 
3.3616 
3.1668 
2.9120 
2.5939 
2.2106 
1.7609 
1.2446 
0.6623 
3.6497 
3.4572 
3.2538 
3.0453 
2.8373 
2.6358 
2.4471 
2.2772 
2.1323 
2.0185 
1.9414 
1.9060 
1.9166 
1.9762 
2.0863 
2.2465 
2.4541 
2.7042 
2.9890 
3.2982 
3.6189 
3.9350 
4.2276 
4.4750 
4.6524 
4.7326 
4.6859 
4.4821 
4.0899 
3.4817 
2.6309 
1.5199 
10.6412 
10.6892 
10.6014 
10.3802 
10.0335 
9.5746 
9.0214 
8.3950 
7.7179 
7.0122 
6.2976 
5.5910 
4.9049 
4.2486 
3.6279 
3.0457 
2.5030 
1.9988 
1.5316 
1.0982 
0.6954 
0.3195 
-0.0339 
-0.3694 
-0.6957 
-1.0170 
-1.3494 
-1.6949 
-2.0748 
-2.4770 
-2.9364 
0.0100 
