3.6387 
3.5415 
3.4443 
3.3476 
3.2516 
3.1568 
3.0634 
2.9717 
2.8822 
2.7949 
2.7102 
2.6284 
2.5495 
2.4740 
2.4018 
2.3332 
2.2684 
2.2076 
2.1507 
2.0980 
2.0495 
2.0054 
1.9657 
1.9304 
1.8997 
1.8736 
1.8520 
1.8351 
1.8228 
1.8151 
1.8120 
1.8135 
1.8195 
1.8300 
1.8450 
1.8644 
1.8881 
1.9160 
1.9482 
1.9843 
2.0244 
2.0684 
2.1160 
2.1672 
2.2219 
2.2797 
2.3407 
2.4045 
2.4710 
2.5400 
2.6113 
2.6846 
2.7598 
2.8365 
2.9144 
2.9935 
3.0732 
3.1535 
3.2340 
3.3145 
3.3945 
3.4740 
3.5525 
3.6297 
3.9639 
4.0321 
4.0970 
4.1583 
4.2157 
4.2690 
4.3180 
4.3623 
4.4019 
4.4363 
4.4654 
4.4891 
4.5070 
4.5189 
4.5248 
4.5244 
4.5176 
4.5042 
4.4842 
4.4574 
4.4238 
4.3834 
4.3363 
4.2824 
4.2220 
4.1550 
4.0818 
4.0025 
3.9175 
3.8270 
3.7314 
3.6311 
3.5265 
3.4180 
3.3062 
3.1915 
3.0744 
2.9555 
2.8352 
2.7141 
2.5927 
2.4716 
2.3511 
2.2318 
2.1143 
1.9989 
1.8861 
1.7765 
1.6704 
1.5683 
1.4707 
1.3780 
1.2906 
1.2090 
1.1336 
1.0649 
1.0033 
0.9492 
0.9032 
0.8656 
0.8370 
0.8178 
0.8084 
0.8093 
0.7798 
0.8289 
0.8896 
0.9621 
1.0465 
1.1430 
1.2516 
1.3722 
1.5047 
1.6488 
1.8043 
1.9708 
2.1477 
2.3346 
2.5309 
2.7359 
2.9491 
3.1696 
3.3968 
3.6300 
3.8684 
4.1111 
4.3573 
4.6061 
4.8565 
5.1073 
5.3575 
5.6057 
5.8507 
6.0910 
6.3251 
6.5514 
6.7681 
6.9734 
7.1654 
7.3422 
7.5017 
7.6419 
7.7607 
7.8560 
7.9259 
7.9685 
7.9824 
7.9661 
7.9189 
7.8402 
7.7302 
7.5897 
7.4199 
7.2229 
7.0010 
6.7573 
6.4952 
6.2183 
5.9303 
5.6350 
5.3362 
5.0370 
4.7409 
4.4502 
4.1676 
3.8946 
3.6331 
3.3838 
3.6674 
3.4099 
3.1671 
2.9389 
2.7251 
2.5250 
2.3383 
2.1644 
2.0025 
1.8519 
1.7122 
1.5825 
1.4622 
1.3507 
1.2473 
1.1516 
1.0629 
0.9808 
0.9047 
0.8341 
0.7687 
0.7081 
0.6518 
0.5995 
0.5509 
0.5057 
0.4636 
0.4244 
0.3877 
0.3534 
0.3212 
0.2910 
0.2626 
0.2357 
0.2103 
0.1861 
0.1631 
0.1410 
0.1198 
0.0993 
0.0794 
0.0599 
0.0409 
0.0220 
0.0033 
-0.0154 
-0.0342 
-0.0532 
-0.0725 
-0.0922 
-0.1125 
-0.1335 
-0.1553 
-0.1780 
-0.2018 
-0.2268 
-0.2531 
-0.2810 
-0.3106 
-0.3420 
-0.3754 
-0.4111 
-0.4493 
0.0100 
