4.0776 
3.9609 
3.8422 
3.7223 
3.6016 
3.4806 
3.3601 
3.2403 
3.1219 
3.0053 
2.8909 
2.7791 
2.6704 
2.5651 
2.4636 
2.3662 
2.2731 
2.1848 
2.1014 
2.0232 
1.9504 
1.8832 
1.8217 
1.7661 
1.7166 
1.6732 
1.6360 
1.6051 
1.5805 
1.5623 
1.5505 
1.5451 
1.5460 
1.5533 
1.5668 
1.5865 
1.6125 
1.6444 
1.6824 
1.7263 
1.7759 
1.8312 
1.8921 
1.9583 
2.0298 
2.1065 
2.1881 
2.2746 
2.3657 
2.4614 
2.5615 
2.6659 
2.7745 
2.8871 
3.0036 
3.1242 
3.2484 
3.3767 
3.5086 
3.6449 
3.7848 
3.9296 
4.0783 
4.2329 
4.1271 
4.2014 
4.2706 
4.3345 
4.3927 
4.4449 
4.4909 
4.5303 
4.5629 
4.5885 
4.6068 
4.6178 
4.6211 
4.6167 
4.6043 
4.5841 
4.5558 
4.5196 
4.4753 
4.4232 
4.3632 
4.2955 
4.2204 
4.1381 
4.0487 
3.9528 
3.8506 
3.7426 
3.6291 
3.5107 
3.3879 
3.2611 
3.1310 
2.9980 
2.8628 
2.7257 
2.5878 
2.4489 
2.3106 
2.1723 
2.0358 
1.9003 
1.7680 
1.6376 
1.5120 
1.3891 
1.2727 
1.1598 
1.0553 
0.9552 
0.8656 
0.7813 
0.7101 
0.6452 
0.5962 
0.5546 
0.5323 
0.5186 
0.5279 
0.5470 
0.5935 
0.6511 
0.7408 
0.8431 
1.0743 
1.1739 
1.2860 
1.4104 
1.5472 
1.6958 
1.8564 
2.0283 
2.2113 
2.4048 
2.6084 
2.8212 
3.0430 
3.2728 
3.5099 
3.7536 
4.0028 
4.2570 
4.5146 
4.7752 
5.0368 
5.2991 
5.5595 
5.8178 
6.0707 
6.3185 
6.5567 
6.7865 
7.0020 
7.2056 
7.3899 
7.5588 
7.7032 
7.8292 
7.9259 
8.0019 
8.0444 
8.0653 
8.0493 
8.0129 
7.9374 
7.8447 
7.7123 
7.5681 
7.3849 
7.1976 
6.9730 
6.7535 
6.4989 
6.2599 
5.9877 
5.7420 
5.4642 
5.2236 
4.9506 
4.7248 
4.4650 
4.2616 
4.0212 
3.8453 
3.6286 
3.4835 
3.2935 
3.1816 
2.6783 
2.5503 
2.4289 
2.3137 
2.2041 
2.0998 
2.0003 
1.9053 
1.8143 
1.7271 
1.6433 
1.5628 
1.4853 
1.4105 
1.3384 
1.2687 
1.2013 
1.1361 
1.0730 
1.0120 
0.9528 
0.8955 
0.8400 
0.7863 
0.7342 
0.6838 
0.6349 
0.5877 
0.5419 
0.4976 
0.4548 
0.4133 
0.3732 
0.3345 
0.2970 
0.2608 
0.2259 
0.1921 
0.1596 
0.1281 
0.0978 
0.0685 
0.0403 
0.0131 
-0.0131 
-0.0384 
-0.0627 
-0.0861 
-0.1087 
-0.1306 
-0.1518 
-0.1725 
-0.1927 
-0.2128 
-0.2329 
-0.2533 
-0.2743 
-0.2963 
-0.3197 
-0.3448 
-0.3724 
-0.4025 
-0.4372 
0.0100 
