9.0157 
9.3727 
9.7015 
10.0007 
10.2686 
10.5041 
10.7057 
10.8722 
11.0028 
11.0964 
11.1525 
11.1706 
11.1506 
11.0927 
10.9976 
10.8662 
10.6999 
10.5004 
10.2700 
10.0113 
9.7270 
9.4205 
9.0949 
8.7538 
8.4006 
8.0388 
7.6717 
7.3025 
6.9341 
6.5692 
6.2101 
5.8589 
5.5172 
5.1866 
4.8680 
4.5624 
4.2702 
3.9920 
3.7278 
3.4776 
3.2413 
3.0187 
2.8093 
2.6127 
2.4284 
2.2560 
2.0949 
1.9444 
1.8041 
1.6734 
1.5517 
1.4385 
1.3333 
1.2355 
1.1446 
1.0603 
0.9821 
0.9095 
0.8422 
0.7798 
0.7220 
0.6684 
0.6188 
0.5728 
0.5299 
0.4904 
0.4539 
0.4201 
0.3888 
0.3598 
0.3330 
0.3081 
0.2852 
0.2639 
0.2442 
0.2259 
0.2091 
0.1935 
0.1790 
0.1656 
0.1533 
0.1418 
0.1312 
0.1214 
0.1123 
0.1039 
0.0962 
0.0890 
0.0823 
0.0762 
0.0705 
0.0652 
0.0603 
0.0558 
0.0516 
0.0478 
0.0442 
0.0409 
0.0378 
0.0350 
0.0324 
0.0300 
0.0277 
0.0257 
0.0237 
0.0220 
0.0203 
0.0188 
0.0174 
0.0161 
0.0149 
0.0138 
0.0127 
0.0118 
0.0109 
0.0101 
0.0093 
0.0086 
0.0080 
0.0074 
0.0068 
0.0063 
0.0058 
0.0054 
0.0050 
0.0046 
0.0043 
0.0040 
0.0037 
0.0034 
0.0031 
0.0029 
0.0027 
0.0025 
0.0023 
0.0021 
0.0020 
0.0018 
0.0017 
0.0015 
0.0014 
0.0013 
0.0012 
0.0011 
0.0010 
0.0010 
0.0009 
0.0008 
0.0008 
0.0007 
0.0007 
0.0006 
0.0006 
0.0005 
0.0005 
0.0004 
0.0004 
0.0004 
0.0003 
0.0003 
0.0003 
0.0003 
0.0003 
0.0002 
0.0002 
0.0002 
0.0002 
0.0002 
0.0002 
0.0001 
0.0001 
0.0001 
0.0001 
0.0001 
0.0001 
0.0001 
0.0001 
0.0001 
0.0001 
0.0001 
0.0001 
0.0001 
0.0000 
0.0000 
0.0000 
0.0000 
0.0000 
0.0000 
0.0000 
0.0000 
0.0000 
0.0000 
0.0000 
0.0000 
0.0000 
0.0000 
-0.0000 
-0.0000 
-0.0000 
-0.0000 
-0.0000 
-0.0000 
-0.0000 
-0.0000 
-0.0000 
-0.0000 
-0.0000 
-0.0000 
-0.0000 
-0.0000 
-0.0000 
-0.0000 
-0.0000 
-0.0000 
-0.0000 
-0.0000 
-0.0000 
-0.0000 
-0.0000 
-0.0000 
-0.0000 
-0.0000 
-0.0000 
-0.0000 
-0.0000 
-0.0000 
-0.0000 
-0.0000 
-0.0000 
-0.0000 
-0.0000 
-0.0000 
-0.0000 
-0.0000 
-0.0000 
-0.0000 
-0.0000 
-0.0000 
-0.0000 
-0.0000 
-0.0000 
-0.0000 
-0.0001 
-0.0001 
-0.0001 
-0.0001 
-0.0001 
-0.0001 
-0.0001 
-0.0001 
-0.0001 
-0.0001 
-0.0001 
-0.0001 
-0.0001 
0.0100 
