0.0263 
0.3125 
0.5919 
0.8586 
1.1066 
1.3308 
1.5263 
1.6890 
1.8152 
1.9024 
1.9485 
1.9526 
1.9143 
1.8345 
1.7147 
1.5578 
1.3669 
1.1466 
0.9016 
0.6375 
0.3598 
0.0747 
-0.2122 
-0.4949 
-0.7678 
-1.0255 
-1.2629 
-1.4753 
-1.6582 
-1.8075 
-1.9195 
-1.9915 
-2.0321 
-2.0159 
-1.9557 
-1.8529 
-1.7097 
-1.5301 
-1.3182 
-1.0797 
-0.8196 
-0.5441 
-0.2584 
0.0319 
0.3222 
0.6073 
0.8831 
1.1449 
1.3882 
1.6082 
1.8000 
1.9589 
2.0798 
2.1588 
2.1922 
2.1787 
2.1175 
2.0109 
1.8618 
1.6756 
1.4575 
1.2145 
0.9519 
0.6760 
0.3531 
0.0671 
-0.2202 
-0.5056 
-0.7870 
-1.0611 
-1.3256 
-1.5758 
-1.8075 
-2.0144 
-2.1903 
-2.3278 
-2.4205 
-2.4629 
-2.4520 
-2.3875 
-2.2725 
-2.1128 
-1.9156 
-1.6896 
-1.4424 
-1.1816 
-0.9120 
-0.6384 
-0.3623 
-0.0856 
0.1924 
0.4713 
0.7527 
1.0361 
1.3226 
1.6097 
1.8242 
2.0963 
2.3544 
2.5890 
2.7885 
2.9405 
3.0330 
3.0576 
3.0112 
2.8980 
2.7289 
2.5194 
2.2864 
2.0448 
1.8063 
1.5790 
1.3673 
1.1733 
0.9972 
0.8382 
0.6949 
0.5655 
0.4479 
0.3400 
0.2397 
0.1450 
0.0537 
-0.0362 
-0.1272 
-0.2211 
-0.3202 
0.0100 
