1.7468 
1.8191 
1.8501 
1.8396 
1.7882 
1.6976 
1.5707 
1.4107 
1.2217 
1.0079 
0.7740 
0.5244 
0.2639 
-0.0030 
-0.2715 
-0.5370 
-0.7946 
-1.0392 
-1.2657 
-1.4691 
-1.6444 
-1.7870 
-1.8933 
-1.9605 
-1.9872 
-1.9734 
-1.9208 
-1.8322 
-1.7119 
-1.5648 
-1.3961 
-1.2089 
-1.0019 
-0.7387 
-0.4661 
-0.1884 
0.0905 
0.3666 
0.6354 
0.8924 
1.1322 
1.3493 
1.5377 
1.6912 
1.8046 
1.8736 
1.8954 
1.8697 
1.7983 
1.6851 
1.5356 
1.3564 
1.1543 
0.9358 
0.7068 
0.4722 
0.2361 
0.0022 
-0.2262 
-0.4457 
-0.6520 
-0.8400 
-1.0033 
-1.1364 
-1.2252 
-1.3325 
-1.4177 
-1.4767 
-1.5056 
-1.5018 
-1.4644 
-1.3949 
-1.2962 
-1.1735 
-1.0320 
-0.8778 
-0.7155 
-0.5494 
-0.3819 
-0.2148 
-0.0483 
0.1180 
0.2850 
0.4542 
0.6267 
0.8041 
0.9864 
1.1743 
1.3642 
1.5550 
1.7359 
1.9050 
2.0387 
2.1443 
2.1784 
2.1949 
1.9909 
2.0258 
2.0373 
2.0297 
2.0068 
1.9713 
1.9244 
1.8663 
1.7972 
1.7176 
1.6284 
1.5313 
1.4281 
1.3207 
1.2110 
1.1007 
0.9909 
0.8829 
0.7774 
0.6751 
0.5764 
0.4817 
0.3914 
0.3059 
0.2259 
0.1519 
0.0848 
0.0246 
-0.0283 
-0.0770 
-0.1244 
0.0100 
