1.7282 
1.9225 
2.0749 
2.1821 
2.2418 
2.2527 
2.2147 
2.1289 
1.9972 
1.8229 
1.6098 
1.3628 
1.0874 
0.7895 
0.4753 
0.1515 
-0.1754 
-0.4988 
-0.8121 
-1.1089 
-1.3829 
-1.6282 
-1.8392 
-2.0111 
-2.1396 
-2.2215 
-2.2549 
-2.2391 
-2.1748 
-2.0643 
-1.9108 
-1.7187 
-1.4942 
-1.2409 
-0.9654 
-0.6732 
-0.3697 
-0.0602 
0.2506 
0.5576 
0.8562 
1.1411 
1.4070 
1.6483 
1.8593 
2.0340 
2.1673 
2.2548 
2.2935 
2.2823 
2.2221 
2.1157 
1.9678 
1.7840 
1.5708 
1.3343 
1.0804 
0.8142 
0.5398 
0.2606 
-0.0209 
-0.3023 
-0.5817 
-0.8566 
-1.1232 
-1.3794 
-1.6196 
-1.8378 
-2.0273 
-2.1807 
-2.2914 
-2.3538 
-2.3649 
-2.3245 
-2.2358 
-2.1045 
-1.9382 
-1.7453 
-1.5338 
-1.3103 
-1.0804 
-0.8478 
-0.6149 
-0.3828 
-0.1514 
0.0797 
0.3115 
0.5449 
0.7806 
1.0186 
1.2580 
1.4962 
1.7294 
1.9511 
2.1535 
2.3265 
2.4364 
2.5195 
2.5471 
2.5169 
2.4326 
2.3030 
2.1403 
1.9576 
1.7669 
1.5778 
1.3967 
1.2279 
1.0734 
0.9336 
0.8084 
0.6967 
0.5976 
0.5095 
0.4313 
0.3616 
0.2991 
0.2428 
0.1914 
0.1439 
0.0995 
0.0571 
0.0158 
-0.0252 
-0.0667 
-0.1097 
-0.1552 
0.0100 
