0.4054 
0.6543 
0.8875 
1.0996 
1.2860 
1.4423 
1.5652 
1.6520 
1.7010 
1.7111 
1.6825 
1.6162 
1.5139 
1.3785 
1.2131 
1.0221 
0.8099 
0.5817 
0.3430 
0.0997 
-0.1425 
-0.3772 
-0.5986 
-0.8004 
-0.9772 
-1.1230 
-1.2334 
-1.3036 
-1.3306 
-1.3115 
-1.2453 
-1.1341 
-1.9952 
-1.8777 
-1.7217 
-1.5316 
-1.3124 
-1.0694 
-0.8081 
-0.5341 
-0.2529 
0.0300 
0.3092 
0.5792 
0.8346 
1.0699 
1.2799 
1.4591 
1.6033 
1.7079 
1.7706 
1.7893 
1.7646 
1.6978 
1.5927 
1.4538 
1.2871 
1.0991 
0.8963 
0.6860 
0.4741 
0.2681 
0.0732 
-0.1045 
-0.4802 
-0.7991 
-1.1062 
-1.3943 
-1.6591 
-1.8920 
-2.0879 
-2.2379 
-2.3384 
-2.3826 
-2.3711 
-2.3021 
-2.1817 
-2.0134 
-1.8076 
-1.5708 
-1.3135 
-1.0418 
-0.7632 
-0.4818 
-0.2018 
0.0739 
0.3439 
0.6042 
0.8546 
1.0887 
1.3053 
1.4938 
1.6508 
1.7602 
1.8165 
1.8029 
3.1362 
3.3255 
3.4758 
3.5804 
3.6365 
3.6473 
3.6207 
3.5672 
3.4961 
3.4137 
3.3219 
3.2196 
3.1042 
2.9730 
2.8245 
2.6587 
2.4765 
2.2800 
2.0716 
1.8534 
1.6279 
1.3969 
1.1627 
0.9269 
0.6937 
0.4667 
0.2559 
0.0712 
-0.0711 
-0.1670 
-0.2247 
0.0100 
