-0.0895 
0.1340 
0.3639 
0.5962 
0.8268 
1.0514 
1.2655 
1.4649 
1.6452 
1.8025 
1.9328 
2.0327 
2.0990 
2.1291 
2.1208 
2.0726 
1.9835 
1.8535 
1.6828 
1.4729 
1.2256 
0.9437 
0.6308 
0.2912 
-0.0697 
-0.4454 
-0.8281 
-1.2079 
-1.5720 
-1.9035 
-2.1784 
-2.3614 
-2.4967 
-2.5943 
-2.6243 
-2.5854 
-2.4788 
-2.3079 
-2.0785 
-1.7981 
-1.4760 
-1.1227 
-0.7492 
-0.3664 
0.0147 
0.3838 
0.7311 
1.0477 
1.3251 
1.5561 
1.7340 
1.8536 
1.9110 
1.9046 
1.8352 
1.7066 
1.5254 
1.3010 
1.0439 
0.7636 
0.4654 
0.1443 
-0.2231 
-0.6950 
-1.2837 
-1.5030 
-1.6915 
-1.8481 
-1.9723 
-2.0635 
-2.1210 
-2.1436 
-2.1299 
-2.0788 
-1.9894 
-1.8624 
-1.6999 
-1.5067 
-1.2889 
-1.0550 
-0.8136 
-0.5735 
-0.3415 
-0.1232 
0.0791 
0.2640 
0.4334 
0.5891 
0.7355 
0.8769 
1.0196 
1.1713 
1.3434 
1.5535 
1.8294 
2.2213 
2.7238 
3.0440 
3.3390 
3.5878 
3.7702 
3.8711 
3.8841 
3.8125 
3.6686 
3.4695 
3.2331 
2.9746 
2.7052 
2.4332 
2.1648 
1.9052 
1.6592 
1.4313 
1.2249 
1.0425 
0.8851 
0.7523 
0.6419 
0.5501 
0.4710 
0.3967 
0.3165 
0.2197 
0.0967 
-0.0517 
-0.2169 
0.0100 
