-0.0811 
0.0848 
0.2543 
0.4239 
0.5897 
0.7482 
0.8956 
1.0285 
1.1436 
1.2377 
1.3082 
1.3528 
1.3698 
1.3578 
1.3162 
1.2450 
1.1449 
1.0169 
0.8634 
0.6866 
0.4900 
0.2771 
0.0524 
-0.1797 
-0.4141 
-0.6459 
-0.8699 
-1.0810 
-1.2739 
-1.4442 
-1.5872 
-1.6989 
-2.5722 
-2.7358 
-2.8445 
-2.8943 
-2.8824 
-2.8075 
-2.6692 
-2.4699 
-2.2117 
-1.9001 
-1.5395 
-1.1380 
-0.7019 
-0.2412 
0.2368 
0.7207 
1.2025 
1.6700 
2.1149 
2.5249 
2.8914 
3.2031 
3.4521 
3.6294 
3.7297 
3.7482 
3.6833 
3.5361 
3.3094 
3.0096 
2.6426 
2.2190 
0.1872 
-0.1264 
-0.4478 
-0.7512 
-1.0512 
-1.3204 
-1.5755 
-1.7879 
-1.9750 
-2.1078 
-2.2040 
-2.2361 
-2.2227 
-2.1404 
-2.0106 
-1.8167 
-1.5833 
-1.3012 
-0.9957 
-0.6623 
-0.3231 
0.0262 
0.3689 
0.7117 
1.0427 
1.3716 
1.6888 
2.0062 
2.3142 
2.6257 
2.9284 
3.2351 
2.4750 
2.6077 
2.7137 
2.7870 
2.8200 
2.8048 
2.7349 
2.6072 
2.4234 
2.1908 
1.9216 
1.6304 
1.3327 
1.0425 
0.7701 
0.5233 
0.3061 
0.1192 
-0.0369 
-0.1656 
-0.2690 
-0.3505 
-0.4215 
-0.4704 
-0.5112 
-0.5365 
-0.5426 
-0.5285 
-0.4847 
-0.4261 
-0.3674 
0.0100 
