-0.2836 
-0.0283 
0.2270 
0.4769 
0.7159 
0.9389 
1.1411 
1.3184 
1.4671 
1.5840 
1.6668 
1.7137 
1.7234 
1.6958 
1.6312 
1.5311 
1.3976 
1.2339 
1.0437 
0.8316 
0.6026 
0.3621 
0.1157 
-0.1313 
-0.3734 
-0.6057 
-0.8235 
-1.0225 
-1.1990 
-1.3497 
-1.4718 
-1.5637 
-1.8447 
-1.8888 
-1.8927 
-1.8557 
-1.7784 
-1.6624 
-1.5106 
-1.3267 
-1.1156 
-0.8823 
-0.6324 
-0.3712 
-0.1041 
0.1641 
0.4289 
0.6858 
0.9308 
1.1598 
1.3687 
1.5531 
1.7088 
1.8316 
1.9174 
1.9631 
1.9665 
1.9268 
1.8448 
1.7233 
1.5664 
1.3792 
1.1679 
0.9388 
0.7652 
0.4942 
0.2174 
-0.0616 
-0.3395 
-0.6135 
-0.8810 
-1.1388 
-1.3836 
-1.6110 
-1.8159 
-1.9925 
-2.1346 
-2.2359 
-2.2913 
-2.2972 
-2.2525 
-2.1589 
-2.0206 
-1.8444 
-1.6378 
-1.4090 
-1.1654 
-0.9136 
-0.6579 
-0.4023 
-0.1480 
0.1033 
0.3522 
0.5982 
0.8431 
1.0865 
1.5172 
1.8162 
2.1097 
2.3911 
2.6515 
2.8804 
3.0660 
3.1975 
3.2668 
3.2703 
3.2106 
3.0956 
2.9371 
2.7479 
2.5401 
2.3233 
2.1043 
1.8882 
1.6777 
1.4749 
1.2805 
1.0946 
0.9168 
0.7462 
0.5815 
0.4210 
0.2628 
0.1049 
-0.0548 
-0.2194 
-0.3920 
0.0100 
